
        Run
        maxR = 10
        maxP = 100
        maxC = 100
        T = 400
        theta = 1.04
        beta = 0.9999
        sigma = 1.04
        w = 4000
        
        Input Solution - >
        
        [[ 6 -2  4  3 -5 -4 -3  5  2 -6]
 [ 5  1 -3 -6  4  3  6 -4 -1 -5]
 [-4  5  2 -1  6 -2  1 -6 -5  4]
 [ 3  6 -1 -5 -2  1  5  2 -6 -3]
 [-2 -3  6  4  1 -6 -4 -1  3  2]
 [-1 -4 -5  2 -3  5 -2  3  4  1]]
        
        Inital Cost - >
        
        27844
        
        
        Final Solution - >
        
        [[ 4  5  3 -3 -4  2 -2  6 -5 -6]
 [ 6 -3 -4  4 -6 -1  1 -5  3  5]
 [-5  2 -1  1  5  6 -6 -4 -2  4]
 [-1  6  2 -2  1  5 -5  3 -6 -3]
 [ 3 -1 -6  6 -3 -4  4  2  1 -2]
 [-2 -4  5 -5  2 -3  3 -1  4  1]]
        
        Final Cost - >
        
        43576.7484334
        